   6.5935991e+00   6.8501297e+00   7.4303489e+00   7.7045079e+00   7.5869118e+00   7.0862380e+00   6.2251571e+00   5.4859152e+00   5.5939741e+00   6.2450455e+00   6.6979410e+00   6.7645222e+00   6.4629484e+00   5.7835576e+00   5.0525270e+00   5.0525270e+00   5.7835576e+00   6.4629484e+00   6.7645222e+00   6.6979410e+00   6.2450455e+00   5.5939741e+00   5.4859152e+00   6.2251571e+00   7.0862380e+00   7.5869118e+00   7.7045079e+00   7.4303489e+00   6.8501297e+00   6.5935991e+00   6.8501297e+00   7.0263601e+00   7.4743839e+00   7.6664685e+00   7.5310363e+00   7.0756728e+00   6.3197432e+00   5.6679500e+00   5.7289420e+00   6.2480990e+00   6.6045379e+00   6.6410230e+00   6.3732329e+00   5.7934497e+00   5.1754049e+00   5.1754049e+00   5.7934497e+00   6.3732329e+00   6.6410230e+00   6.6045379e+00   6.2480990e+00   5.7289420e+00   5.6679500e+00   6.3197432e+00   7.0756728e+00   7.5310363e+00   7.6664685e+00   7.4743839e+00   7.0263601e+00   6.8501297e+00   7.4303489e+00   7.4743839e+00   7.7008058e+00   7.7578945e+00   7.5983716e+00   7.2278583e+00   6.6599180e+00   6.1653150e+00   6.1509742e+00   6.4478610e+00   6.6425827e+00   6.6311079e+00   6.4247188e+00   6.0189598e+00   5.5969851e+00   5.5969851e+00   6.0189598e+00   6.4247188e+00   6.6311079e+00   6.6425827e+00   6.4478610e+00   6.1509742e+00   6.1653150e+00   6.6599180e+00   7.2278583e+00   7.5983716e+00   7.7578945e+00   7.7008058e+00   7.4743839e+00   7.4303489e+00   7.7045079e+00   7.6664685e+00   7.7578945e+00   7.7306883e+00   7.5518921e+00   7.2260038e+00   6.7632277e+00   6.3555638e+00   6.2913019e+00   6.4519506e+00   6.5464626e+00   6.5023502e+00   6.3285387e+00   6.0227072e+00   5.7148534e+00   5.7148534e+00   6.0227072e+00   6.3285387e+00   6.5023502e+00   6.5464626e+00   6.4519506e+00   6.2913019e+00   6.3555638e+00   6.7632277e+00   7.2260038e+00   7.5518921e+00   7.7306883e+00   7.7578945e+00   7.6664685e+00   7.7045079e+00   7.5869118e+00   7.5310363e+00   7.5983716e+00   7.5518921e+00   7.3601994e+00   7.0277371e+00   6.5644637e+00   6.1541419e+00   6.0726405e+00   6.2071988e+00   6.2802511e+00   6.2231596e+00   6.0451075e+00   5.7444807e+00   5.4459769e+00   5.4459769e+00   5.7444807e+00   6.0451075e+00   6.2231596e+00   6.2802511e+00   6.2071988e+00   6.0726405e+00   6.1541419e+00   6.5644637e+00   7.0277371e+00   7.3601994e+00   7.5518921e+00   7.5983716e+00   7.5310363e+00   7.5869118e+00   7.0862380e+00   7.0756728e+00   7.2278583e+00   7.2260038e+00   7.0277371e+00   6.6384838e+00   6.0709979e+00   5.5700052e+00   5.5031801e+00   5.7195073e+00   5.8480713e+00   5.7969337e+00   5.5781505e+00   5.1894761e+00   4.7973350e+00   4.7973350e+00   5.1894761e+00   5.5781505e+00   5.7969337e+00   5.8480713e+00   5.7195073e+00   5.5031801e+00   5.5700052e+00   6.0709979e+00   6.6384838e+00   7.0277371e+00   7.2260038e+00   7.2278583e+00   7.0756728e+00   7.0862380e+00   6.2251571e+00   6.3197432e+00   6.6599180e+00   6.7632277e+00   6.5644637e+00   6.0709979e+00   5.3012347e+00   4.6262710e+00   4.6041135e+00   5.0038857e+00   5.2603096e+00   5.2325068e+00   4.9379502e+00   4.3726004e+00   3.7891820e+00   3.7891820e+00   4.3726004e+00   4.9379502e+00   5.2325068e+00   5.2603096e+00   5.0038857e+00   4.6041135e+00   4.6262710e+00   5.3012347e+00   6.0709979e+00   6.5644637e+00   6.7632277e+00   6.6599180e+00   6.3197432e+00   6.2251571e+00   5.4859152e+00   5.6679500e+00   6.1653150e+00   6.3555638e+00   6.1541419e+00   5.5700052e+00   4.6262710e+00   3.8007396e+00   3.8121837e+00   4.3623075e+00   4.7217938e+00   4.7087210e+00   4.3456043e+00   3.6274749e+00   2.8805288e+00   2.8805288e+00   3.6274749e+00   4.3456043e+00   4.7087210e+00   4.7217938e+00   4.3623075e+00   3.8121837e+00   3.8007396e+00   4.6262710e+00   5.5700052e+00   6.1541419e+00   6.3555638e+00   6.1653150e+00   5.6679500e+00   5.4859152e+00   5.5939741e+00   5.7289420e+00   6.1509742e+00   6.2913019e+00   6.0726405e+00   5.5031801e+00   4.6041135e+00   3.8121837e+00   3.7844898e+00   4.2491302e+00   4.5407985e+00   4.4948777e+00   4.1341173e+00   3.4565372e+00   2.7625922e+00   2.7625922e+00   3.4565372e+00   4.1341173e+00   4.4948777e+00   4.5407985e+00   4.2491302e+00   3.7844898e+00   3.8121837e+00   4.6041135e+00   5.5031801e+00   6.0726405e+00   6.2913019e+00   6.1509742e+00   5.7289420e+00   5.5939741e+00   6.2450455e+00   6.2480990e+00   6.4478610e+00   6.4519506e+00   6.2071988e+00   5.7195073e+00   5.0038857e+00   4.3623075e+00   4.2491302e+00   4.4781451e+00   4.5924141e+00   4.4815319e+00   4.1656037e+00   3.6486603e+00   3.1433784e+00   3.1433784e+00   3.6486603e+00   4.1656037e+00   4.4815319e+00   4.5924141e+00   4.4781451e+00   4.2491302e+00   4.3623075e+00   5.0038857e+00   5.7195073e+00   6.2071988e+00   6.4519506e+00   6.4478610e+00   6.2480990e+00   6.2450455e+00   6.6979410e+00   6.6045379e+00   6.6425827e+00   6.5464626e+00   6.2802511e+00   5.8480713e+00   5.2603096e+00   4.7217938e+00   4.5407985e+00   4.5924141e+00   4.5692791e+00   4.4000160e+00   4.1036455e+00   3.6906462e+00   3.3138661e+00   3.3138661e+00   3.6906462e+00   4.1036455e+00   4.4000160e+00   4.5692791e+00   4.5924141e+00   4.5407985e+00   4.7217938e+00   5.2603096e+00   5.8480713e+00   6.2802511e+00   6.5464626e+00   6.6425827e+00   6.6045379e+00   6.6979410e+00   6.7645222e+00   6.6410230e+00   6.6311079e+00   6.5023502e+00   6.2231596e+00   5.7969337e+00   5.2325068e+00   4.7087210e+00   4.4948777e+00   4.4815319e+00   4.4000160e+00   4.1889809e+00   3.8683421e+00   3.4546387e+00   3.0934625e+00   3.0934625e+00   3.4546387e+00   3.8683421e+00   4.1889809e+00   4.4000160e+00   4.4815319e+00   4.4948777e+00   4.7087210e+00   5.2325068e+00   5.7969337e+00   6.2231596e+00   6.5023502e+00   6.6311079e+00   6.6410230e+00   6.7645222e+00   6.4629484e+00   6.3732329e+00   6.4247188e+00   6.3285387e+00   6.0451075e+00   5.5781505e+00   4.9379502e+00   4.3456043e+00   4.1341173e+00   4.1656037e+00   4.1036455e+00   3.8683421e+00   3.4805731e+00   2.9605110e+00   2.4994922e+00   2.4994922e+00   2.9605110e+00   3.4805731e+00   3.8683421e+00   4.1036455e+00   4.1656037e+00   4.1341173e+00   4.3456043e+00   4.9379502e+00   5.5781505e+00   6.0451075e+00   6.3285387e+00   6.4247188e+00   6.3732329e+00   6.4629484e+00   5.7835576e+00   5.7934497e+00   6.0189598e+00   6.0227072e+00   5.7444807e+00   5.1894761e+00   4.3726004e+00   3.6274749e+00   3.4565372e+00   3.6486603e+00   3.6906462e+00   3.4546387e+00   2.9605110e+00   2.2222487e+00   1.5261353e+00   1.5261353e+00   2.2222487e+00   2.9605110e+00   3.4546387e+00   3.6906462e+00   3.6486603e+00   3.4565372e+00   3.6274749e+00   4.3726004e+00   5.1894761e+00   5.7444807e+00   6.0227072e+00   6.0189598e+00   5.7934497e+00   5.7835576e+00   5.0525270e+00   5.1754049e+00   5.5969851e+00   5.7148534e+00   5.4459769e+00   4.7973350e+00   3.7891820e+00   2.8805288e+00   2.7625922e+00   3.1433784e+00   3.3138661e+00   3.0934625e+00   2.4994922e+00   1.5261353e+00   5.1394373e-01   5.1394373e-01   1.5261353e+00   2.4994922e+00   3.0934625e+00   3.3138661e+00   3.1433784e+00   2.7625922e+00   2.8805288e+00   3.7891820e+00   4.7973350e+00   5.4459769e+00   5.7148534e+00   5.5969851e+00   5.1754049e+00   5.0525270e+00   5.0525270e+00   5.1754049e+00   5.5969851e+00   5.7148534e+00   5.4459769e+00   4.7973350e+00   3.7891820e+00   2.8805288e+00   2.7625922e+00   3.1433784e+00   3.3138661e+00   3.0934625e+00   2.4994922e+00   1.5261353e+00   5.1394373e-01   5.1394373e-01   1.5261353e+00   2.4994922e+00   3.0934625e+00   3.3138661e+00   3.1433784e+00   2.7625922e+00   2.8805288e+00   3.7891820e+00   4.7973350e+00   5.4459769e+00   5.7148534e+00   5.5969851e+00   5.1754049e+00   5.0525270e+00   5.7835576e+00   5.7934497e+00   6.0189598e+00   6.0227072e+00   5.7444807e+00   5.1894761e+00   4.3726004e+00   3.6274749e+00   3.4565372e+00   3.6486603e+00   3.6906462e+00   3.4546387e+00   2.9605110e+00   2.2222487e+00   1.5261353e+00   1.5261353e+00   2.2222487e+00   2.9605110e+00   3.4546387e+00   3.6906462e+00   3.6486603e+00   3.4565372e+00   3.6274749e+00   4.3726004e+00   5.1894761e+00   5.7444807e+00   6.0227072e+00   6.0189598e+00   5.7934497e+00   5.7835576e+00   6.4629484e+00   6.3732329e+00   6.4247188e+00   6.3285387e+00   6.0451075e+00   5.5781505e+00   4.9379502e+00   4.3456043e+00   4.1341173e+00   4.1656037e+00   4.1036455e+00   3.8683421e+00   3.4805731e+00   2.9605110e+00   2.4994922e+00   2.4994922e+00   2.9605110e+00   3.4805731e+00   3.8683421e+00   4.1036455e+00   4.1656037e+00   4.1341173e+00   4.3456043e+00   4.9379502e+00   5.5781505e+00   6.0451075e+00   6.3285387e+00   6.4247188e+00   6.3732329e+00   6.4629484e+00   6.7645222e+00   6.6410230e+00   6.6311079e+00   6.5023502e+00   6.2231596e+00   5.7969337e+00   5.2325068e+00   4.7087210e+00   4.4948777e+00   4.4815319e+00   4.4000160e+00   4.1889809e+00   3.8683421e+00   3.4546387e+00   3.0934625e+00   3.0934625e+00   3.4546387e+00   3.8683421e+00   4.1889809e+00   4.4000160e+00   4.4815319e+00   4.4948777e+00   4.7087210e+00   5.2325068e+00   5.7969337e+00   6.2231596e+00   6.5023502e+00   6.6311079e+00   6.6410230e+00   6.7645222e+00   6.6979410e+00   6.6045379e+00   6.6425827e+00   6.5464626e+00   6.2802511e+00   5.8480713e+00   5.2603096e+00   4.7217938e+00   4.5407985e+00   4.5924141e+00   4.5692791e+00   4.4000160e+00   4.1036455e+00   3.6906462e+00   3.3138661e+00   3.3138661e+00   3.6906462e+00   4.1036455e+00   4.4000160e+00   4.5692791e+00   4.5924141e+00   4.5407985e+00   4.7217938e+00   5.2603096e+00   5.8480713e+00   6.2802511e+00   6.5464626e+00   6.6425827e+00   6.6045379e+00   6.6979410e+00   6.2450455e+00   6.2480990e+00   6.4478610e+00   6.4519506e+00   6.2071988e+00   5.7195073e+00   5.0038857e+00   4.3623075e+00   4.2491302e+00   4.4781451e+00   4.5924141e+00   4.4815319e+00   4.1656037e+00   3.6486603e+00   3.1433784e+00   3.1433784e+00   3.6486603e+00   4.1656037e+00   4.4815319e+00   4.5924141e+00   4.4781451e+00   4.2491302e+00   4.3623075e+00   5.0038857e+00   5.7195073e+00   6.2071988e+00   6.4519506e+00   6.4478610e+00   6.2480990e+00   6.2450455e+00   5.5939741e+00   5.7289420e+00   6.1509742e+00   6.2913019e+00   6.0726405e+00   5.5031801e+00   4.6041135e+00   3.8121837e+00   3.7844898e+00   4.2491302e+00   4.5407985e+00   4.4948777e+00   4.1341173e+00   3.4565372e+00   2.7625922e+00   2.7625922e+00   3.4565372e+00   4.1341173e+00   4.4948777e+00   4.5407985e+00   4.2491302e+00   3.7844898e+00   3.8121837e+00   4.6041135e+00   5.5031801e+00   6.0726405e+00   6.2913019e+00   6.1509742e+00   5.7289420e+00   5.5939741e+00   5.4859152e+00   5.6679500e+00   6.1653150e+00   6.3555638e+00   6.1541419e+00   5.5700052e+00   4.6262710e+00   3.8007396e+00   3.8121837e+00   4.3623075e+00   4.7217938e+00   4.7087210e+00   4.3456043e+00   3.6274749e+00   2.8805288e+00   2.8805288e+00   3.6274749e+00   4.3456043e+00   4.7087210e+00   4.7217938e+00   4.3623075e+00   3.8121837e+00   3.8007396e+00   4.6262710e+00   5.5700052e+00   6.1541419e+00   6.3555638e+00   6.1653150e+00   5.6679500e+00   5.4859152e+00   6.2251571e+00   6.3197432e+00   6.6599180e+00   6.7632277e+00   6.5644637e+00   6.0709979e+00   5.3012347e+00   4.6262710e+00   4.6041135e+00   5.0038857e+00   5.2603096e+00   5.2325068e+00   4.9379502e+00   4.3726004e+00   3.7891820e+00   3.7891820e+00   4.3726004e+00   4.9379502e+00   5.2325068e+00   5.2603096e+00   5.0038857e+00   4.6041135e+00   4.6262710e+00   5.3012347e+00   6.0709979e+00   6.5644637e+00   6.7632277e+00   6.6599180e+00   6.3197432e+00   6.2251571e+00   7.0862380e+00   7.0756728e+00   7.2278583e+00   7.2260038e+00   7.0277371e+00   6.6384838e+00   6.0709979e+00   5.5700052e+00   5.5031801e+00   5.7195073e+00   5.8480713e+00   5.7969337e+00   5.5781505e+00   5.1894761e+00   4.7973350e+00   4.7973350e+00   5.1894761e+00   5.5781505e+00   5.7969337e+00   5.8480713e+00   5.7195073e+00   5.5031801e+00   5.5700052e+00   6.0709979e+00   6.6384838e+00   7.0277371e+00   7.2260038e+00   7.2278583e+00   7.0756728e+00   7.0862380e+00   7.5869118e+00   7.5310363e+00   7.5983716e+00   7.5518921e+00   7.3601994e+00   7.0277371e+00   6.5644637e+00   6.1541419e+00   6.0726405e+00   6.2071988e+00   6.2802511e+00   6.2231596e+00   6.0451075e+00   5.7444807e+00   5.4459769e+00   5.4459769e+00   5.7444807e+00   6.0451075e+00   6.2231596e+00   6.2802511e+00   6.2071988e+00   6.0726405e+00   6.1541419e+00   6.5644637e+00   7.0277371e+00   7.3601994e+00   7.5518921e+00   7.5983716e+00   7.5310363e+00   7.5869118e+00   7.7045079e+00   7.6664685e+00   7.7578945e+00   7.7306883e+00   7.5518921e+00   7.2260038e+00   6.7632277e+00   6.3555638e+00   6.2913019e+00   6.4519506e+00   6.5464626e+00   6.5023502e+00   6.3285387e+00   6.0227072e+00   5.7148534e+00   5.7148534e+00   6.0227072e+00   6.3285387e+00   6.5023502e+00   6.5464626e+00   6.4519506e+00   6.2913019e+00   6.3555638e+00   6.7632277e+00   7.2260038e+00   7.5518921e+00   7.7306883e+00   7.7578945e+00   7.6664685e+00   7.7045079e+00   7.4303489e+00   7.4743839e+00   7.7008058e+00   7.7578945e+00   7.5983716e+00   7.2278583e+00   6.6599180e+00   6.1653150e+00   6.1509742e+00   6.4478610e+00   6.6425827e+00   6.6311079e+00   6.4247188e+00   6.0189598e+00   5.5969851e+00   5.5969851e+00   6.0189598e+00   6.4247188e+00   6.6311079e+00   6.6425827e+00   6.4478610e+00   6.1509742e+00   6.1653150e+00   6.6599180e+00   7.2278583e+00   7.5983716e+00   7.7578945e+00   7.7008058e+00   7.4743839e+00   7.4303489e+00   6.8501297e+00   7.0263601e+00   7.4743839e+00   7.6664685e+00   7.5310363e+00   7.0756728e+00   6.3197432e+00   5.6679500e+00   5.7289420e+00   6.2480990e+00   6.6045379e+00   6.6410230e+00   6.3732329e+00   5.7934497e+00   5.1754049e+00   5.1754049e+00   5.7934497e+00   6.3732329e+00   6.6410230e+00   6.6045379e+00   6.2480990e+00   5.7289420e+00   5.6679500e+00   6.3197432e+00   7.0756728e+00   7.5310363e+00   7.6664685e+00   7.4743839e+00   7.0263601e+00   6.8501297e+00   6.5935991e+00   6.8501297e+00   7.4303489e+00   7.7045079e+00   7.5869118e+00   7.0862380e+00   6.2251571e+00   5.4859152e+00   5.5939741e+00   6.2450455e+00   6.6979410e+00   6.7645222e+00   6.4629484e+00   5.7835576e+00   5.0525270e+00   5.0525270e+00   5.7835576e+00   6.4629484e+00   6.7645222e+00   6.6979410e+00   6.2450455e+00   5.5939741e+00   5.4859152e+00   6.2251571e+00   7.0862380e+00   7.5869118e+00   7.7045079e+00   7.4303489e+00   6.8501297e+00   6.5935991e+00
